azure 0.015005 0.033121 0.033162
azure 0.016125 0.034166 0.034208
azure 0.006150 0.024975 0.025019
azure 0.006112 0.022831 0.022872
azure 0.011715 0.029763 0.029807
azure 0.008826 0.026736 0.026778
azure 0.006711 0.024812 0.024855
azure 0.008543 0.026302 0.026339
azure 0.006573 0.026759 0.026808
azure 0.007365 0.024162 0.024207
polybox 0.026857 0.070331 0.070380
polybox 0.014932 0.067195 0.067254
polybox 0.013142 0.066391 0.066439
polybox 0.010432 0.058869 0.058912
polybox 0.012542 0.062125 0.062173
polybox 0.010152 0.053600 0.053648
polybox 0.006802 0.050715 0.050763
polybox 0.006812 0.058428 0.058474
polybox 0.007027 0.052905 0.052955
polybox 0.008774 0.062312 0.062355
