azure 0.011897 0.028379 0.028416
azure 0.012774 0.029636 0.029669
azure 0.014597 0.030853 0.030891
azure 0.009466 0.027581 0.027612
azure 0.006958 0.023196 0.023227
azure 0.006032 0.025598 0.025639
azure 0.017251 0.035841 0.035872
azure 0.007103 0.033372 0.033412
azure 0.023447 0.039625 0.039658
azure 0.006799 0.023778 0.023806
polybox 0.009675 0.056358 0.056403
polybox 0.018200 0.062173 0.062218
polybox 0.012872 0.056185 0.056239
polybox 0.008726 0.056318 0.056366
polybox 0.010105 0.054056 0.054122
polybox 0.014765 0.063869 0.063916
polybox 0.019316 0.059185 0.059278
polybox 0.009965 0.064737 0.064785
polybox 0.009240 0.053159 0.053206
polybox 0.006730 0.048536 0.048584
